0 0.375 0.11778846153846154 0.36177884615384615 0.12860576923076922
0 0.3389423076923077 0.13942307692307693 0.3894230769230769 0.11057692307692307
0 0.7307692307692307 0.14903846153846154 0.3293269230769231 0.16706730769230768
0 0.7572115384615384 0.20673076923076922 0.3641826923076923 0.1045673076923077
0 0.24879807692307693 0.38341346153846156 0.33774038461538464 0.16826923076923078
0 0.27163461538461536 0.42427884615384615 0.35096153846153844 0.13942307692307693
0 0.7572115384615384 0.4951923076923077 0.37740384615384615 0.14903846153846154
0 0.7331730769230769 0.5516826923076923 0.38221153846153844 0.13221153846153846
0 0.2932692307692308 0.6682692307692307 0.3425480769230769 0.15144230769230768
0 0.7235576923076923 0.7668269230769231 0.36177884615384615 0.03365384615384615
0 0.8040865384615384 0.7668269230769231 0.22235576923076922 0.025240384615384616