0 0.24453125 0.50625 0.0515625 0.840625
0 0.33046875 0.596875 0.0359375 0.215625
0 0.6953125 0.59765625 0.03125 0.2109375
0 0.95546875 0.59765625 0.0203125 0.2109375
0 0.73125 0.6 0.03125 0.215625
0 0.84296875 0.60078125 0.0359375 0.2234375
0 0.87734375 0.60078125 0.0203125 0.2234375
0 0.54609375 0.60234375 0.0203125 0.2265625
0 0.58515625 0.6015625 0.0359375 0.21875
0 0.6234375 0.6015625 0.028125 0.21875
0 0.659375 0.6015625 0.028125 0.21875
0 0.76171875 0.60234375 0.0234375 0.2109375
0 0.80390625 0.6015625 0.0203125 0.21875
0 0.91640625 0.6015625 0.0203125 0.21875
0 0.36640625 0.60234375 0.0359375 0.2265625
0 0.40546875 0.60234375 0.0359375 0.2265625
0 0.4421875 0.6015625 0.03125 0.21875
0 0.47578125 0.60390625 0.0359375 0.2234375
0 0.5203125 0.60390625 0.03125 0.2234375
0 0.91484375 0.365625 0.0234375 0.215625
0 0.953125 0.365625 0.015625 0.215625
0 0.328125 0.365625 0.015625 0.215625
0 0.43984375 0.365625 0.0203125 0.215625
0 0.546875 0.3671875 0.015625 0.21875
0 0.5859375 0.36796875 0.015625 0.2109375
0 0.69609375 0.36796875 0.0234375 0.2109375
0 0.7390625 0.3671875 0.015625 0.21875
0 0.875 0.36796875 0.015625 0.2109375
0 0.3671875 0.3671875 0.03125 0.21875
0 0.4046875 0.36796875 0.028125 0.2265625
0 0.48125 0.3703125 0.015625 0.215625
0 0.6234375 0.3703125 0.028125 0.215625
0 0.8015625 0.3703125 0.015625 0.215625
0 0.8390625 0.3703125 0.028125 0.215625
0 0.51875 0.371875 0.0125 0.21875
0 0.66015625 0.37109375 0.0234375 0.2109375
0 0.76484375 0.37109375 0.0203125 0.2109375