0 0.75546875 0.50625 0.0515625 0.840625
0 0.66953125 0.596875 0.0359375 0.215625
0 0.3046875 0.59765625 0.03125 0.2109375
0 0.04453125 0.59765625 0.0203125 0.2109375
0 0.26875 0.6 0.03125 0.215625
0 0.15703125 0.60078125 0.0359375 0.2234375
0 0.12265625 0.60078125 0.0203125 0.2234375
0 0.45390625 0.60234375 0.0203125 0.2265625
0 0.41484375 0.6015625 0.0359375 0.21875
0 0.3765625 0.6015625 0.028125 0.21875
0 0.340625 0.6015625 0.028125 0.21875
0 0.23828125 0.60234375 0.0234375 0.2109375
0 0.19609375 0.6015625 0.0203125 0.21875
0 0.08359375 0.6015625 0.0203125 0.21875
0 0.63359375 0.60234375 0.0359375 0.2265625
0 0.59453125 0.60234375 0.0359375 0.2265625
0 0.5578125 0.6015625 0.03125 0.21875
0 0.52421875 0.60390625 0.0359375 0.2234375
0 0.4796875 0.60390625 0.03125 0.2234375
0 0.08515625 0.365625 0.0234375 0.215625
0 0.046875 0.365625 0.015625 0.215625
0 0.671875 0.365625 0.015625 0.215625
0 0.56015625 0.365625 0.0203125 0.215625
0 0.453125 0.3671875 0.015625 0.21875
0 0.4140625 0.36796875 0.015625 0.2109375
0 0.30390625 0.36796875 0.0234375 0.2109375
0 0.2609375 0.3671875 0.015625 0.21875
0 0.125 0.36796875 0.015625 0.2109375
0 0.6328125 0.3671875 0.03125 0.21875
0 0.5953125 0.36796875 0.028125 0.2265625
0 0.51875 0.3703125 0.015625 0.215625
0 0.3765625 0.3703125 0.028125 0.215625
0 0.1984375 0.3703125 0.015625 0.215625
0 0.1609375 0.3703125 0.028125 0.215625
0 0.48125 0.371875 0.0125 0.21875
0 0.33984375 0.37109375 0.0234375 0.2109375
0 0.23515625 0.37109375 0.0203125 0.2109375