0 0.3984375 0.68828125 0.55390625 0.34296875
0 0.8140625 0.63203125 0.37109375 0.31484375
0 0.8453125 0.28828125 0.309375 0.30625
0 0.83203125 0.0796875 0.3359375 0.159375
0 0.51484375 0.23359375 0.30546875 0.43984375
0 0.3640625 0.05546875 0.54375 0.1109375
0 0.365625 0.16953125 0.2625 0.2015625
0 0.27578125 0.27578125 0.33359375 0.41796875
0 0.12421875 0.64765625 0.2484375 0.69296875
0 0.08125 0.2390625 0.1625 0.478125
0 0.40078125 0.8796875 0.446875 0.23984375
0 0.846875 0.89765625 0.3 0.2046875