0 0.44609375 0.23828125 0.09140625 0.45703125
0 0.546875 0.2328125 0.09609375 0.44921875
0 0.63125 0.221875 0.115625 0.42421875
0 0.74140625 0.2078125 0.1234375 0.4046875
0 0.85234375 0.23046875 0.1 0.403125
0 0.95 0.23046875 0.09921875 0.40546875
0 0.94921875 0.69140625 0.10078125 0.546875
0 0.8421875 0.65390625 0.0875 0.5078125
0 0.728125 0.6765625 0.13125 0.54296875
0 0.6328125 0.6953125 0.11875 0.50078125
0 0.54140625 0.66875 0.08828125 0.56171875
0 0.4578125 0.653125 0.0796875 0.56015625
0 0.353125 0.69140625 0.15546875 0.50546875
0 0.25 0.69609375 0.121875 0.51484375
0 0.2359375 0.2359375 0.1125 0.4046875
0 0.3484375 0.25625 0.121875 0.4359375
0 0.1546875 0.70703125 0.1015625 0.49296875
0 0.0625 0.68671875 0.0953125 0.5125
0 0.1546875 0.2390625 0.11171875 0.42265625
0 0.0609375 0.2296875 0.0984375 0.39453125