0 0.075 0.24375 0.15 0.2625
0 0.178125 0.834375 0.16875 0.25
0 0.1375 0.5890625 0.13125 0.184375
0 0.1796875 0.196875 0.234375 0.26875
0 0.28125 0.821875 0.1875 0.2625
0 0.2390625 0.5734375 0.140625 0.165625
0 0.3265625 0.565625 0.134375 0.18125
0 0.403125 0.809375 0.1625 0.23125
0 0.3515625 0.165625 0.221875 0.2625
0 0.415625 0.546875 0.1375 0.175
0 0.5171875 0.7796875 0.190625 0.246875
0 0.5328125 0.5171875 0.165625 0.203125
0 0.5015625 0.1484375 0.209375 0.240625
0 0.625 0.765625 0.15625 0.23125
0 0.6421875 0.5171875 0.140625 0.159375
0 0.7375 0.7390625 0.18125 0.246875
0 0.64375 0.14375 0.20625 0.2125
0 0.728125 0.496875 0.15 0.18125
0 0.865625 0.715625 0.2125 0.225
0 0.7859375 0.134375 0.240625 0.175
0 0.815625 0.475 0.15 0.18125
0 0.9015625 0.4578125 0.153125 0.178125