0 0.121875 0.1375 0.175 0.21875
0 0.1515625 0.74375 0.109375 0.21875
0 0.159375 0.4953125 0.0875 0.159375
0 0.275 0.11875 0.175 0.21875
0 0.25625 0.7484375 0.11875 0.228125
0 0.2609375 0.496875 0.103125 0.1375
0 0.35 0.5046875 0.0875 0.153125
0 0.378125 0.75625 0.10625 0.2
0 0.4484375 0.11875 0.165625 0.2125
0 0.4421875 0.5015625 0.096875 0.146875
0 0.496875 0.7484375 0.13125 0.209375
0 0.5625 0.49375 0.11875 0.16875
0 0.60625 0.11875 0.15 0.2125
0 0.6046875 0.7546875 0.096875 0.203125
0 0.66875 0.5125 0.10625 0.125
0 0.721875 0.7484375 0.125 0.209375
0 0.7453125 0.1328125 0.153125 0.196875
0 0.7578125 0.50625 0.109375 0.15
0 0.85625 0.7484375 0.16875 0.178125
0 0.8890625 0.1421875 0.196875 0.159375
0 0.85 0.5 0.1125 0.15
0 0.9359375 0.4984375 0.115625 0.140625